from pathlib import Path
# import os
# cwd = os.getcwd()
# print(cwd)
path = Path(__file__).resolve().parent

folders = [p.stem for p in path.iterdir() if p.is_dir()]

print(folders)

# 2688は特例除外
# [10, 100, 1000, 1001, 1002, 1003, 1004, 1005, 1007, 1008, 1009, 101, 1010, 1011, 1012, 1013, 1014, 1015, 1016, 1017, 1018, 1019, 102, 1020, 1021, 1022, 1027, 1028, 1029, 1030, 1031, 1032, 1033, 1034, 1035, 1036, 1037, 1038, 1039, 1040, 1041, 1042, 1043, 1044, 1045, 1046, 1047, 1048, 1049, 1050, 1052, 1053, 1054, 1055, 1056, 1057, 1058, 1059, 1060, 1061, 1062, 1063, 1064, 1065, 1066, 1067, 1068, 1069, 107, 1070, 1071, 1072, 1073, 1074, 1075, 1078, 1079, 108, 1080, 1081, 1082, 1083, 1084, 1085, 1086, 1087, 1088, 1089, 109, 1090, 1091, 1092, 1093, 1094, 1096, 1097, 1098, 1099, 11, 1100, 1101, 1102, 1103, 1104, 1105, 1106, 1107, 1108, 1109, 1110, 1111, 1112, 1113, 1114, 1115, 1116, 1117, 1118, 112, 1120, 1121, 1122, 1145, 1146, 1147, 1148, 1149, 1150, 1151, 1152, 1153, 1154, 1155, 1156, 1157, 1158, 1159, 1160, 1161, 1162, 1163, 1164, 1165, 1166, 1167, 1168, 117, 1173, 1174, 1177, 1178, 1182, 1184, 1185, 1194, 1195, 1196, 1197, 1204, 1205, 1206, 1208, 1209, 1210, 1214, 1215, 1216, 1217, 1218, 1219, 122, 1220, 1221, 1222, 1223, 1247, 1259, 1263, 1264, 1279, 1280, 1288, 1289, 129, 1290, 1293, 1294, 1295, 1296, 1297, 1298, 1299, 1301, 1302, 1303, 1305, 1306, 1307, 1308, 1309, 1311, 1317, 1318, 1325, 1326, 1327, 1328, 1332, 1336, 1337, 1339, 1340, 1341, 1342, 1343, 1344, 1345, 1346, 1347, 1348, 1349, 1350, 1351, 1353, 1354, 1355, 1356, 1357, 1358, 1359, 1360, 1361, 1362, 1364, 1365, 1368, 1369, 1370, 1371, 1372, 1373, 1374, 1377, 1379, 138, 1380, 1383, 1384, 1389, 1392, 1393, 1394, 1395, 14, 1400, 1401, 1402, 1403, 1404, 1405, 1406, 1407, 1408, 1409, 1410, 1411, 1412, 1413, 1414, 1415, 1416, 1417, 1418, 1419, 1423, 1424, 1425, 1429, 1430, 1431, 1432, 1433, 1434, 1435, 1436, 1437, 1438, 1439, 1440, 1441, 1442, 1443, 1444, 1445, 1446, 1447, 1448, 1449, 1454, 1455, 1456, 1457, 1458, 1459, 1460, 1461, 1462, 1463, 1465, 1466, 1467, 1469, 1470, 1471, 1472, 1478, 1479, 1480, 1481, 1482, 1483, 1484, 1485, 1486, 1487, 1488, 1489, 1490, 1499, 15, 1500, 1501, 1502, 1503, 1504, 1505, 1506, 1507, 1508, 1509, 1510, 1511, 1512, 1513, 1514, 1515, 1516, 1517, 1518, 1519, 1520, 1521, 1522, 1523, 1524, 1525, 1526, 1527, 1528, 1529, 1530, 1531, 1532, 1533, 1534, 1535, 1536, 154, 1540, 1544, 1545, 1546, 1547, 1548, 1549, 1550, 1552, 1553, 1554, 1555, 1556, 1557, 1558, 1559, 1562, 1563, 1564, 1565, 1566, 1567, 1568, 1569, 1570, 1571, 1572, 1573, 1574, 1575, 1576, 1577, 1578, 1579, 1580, 1581, 1582, 1583, 1584, 1585, 1586, 1587, 1588, 1589, 159, 1590, 1591, 1592, 1595, 1596, 1598, 1599, 16, 1600, 1601, 1602, 1603, 1605, 1607, 1609, 1610, 1611, 1612, 1613, 1614, 1615, 1616, 1617, 1618, 1619, 1620, 1621, 1622, 1623, 1624, 1625, 1626, 1627, 1628, 1630, 1631, 1633, 1634, 1635, 1636, 1637, 1638, 1662, 1668, 1670, 169, 1690, 1691, 1699, 17, 170, 1702, 1704, 1724, 1725, 1745, 1748, 1768, 1769, 1770, 1771, 1772, 1773, 1774, 1775, 1776, 1777, 1778, 1780, 1781, 1782, 1783, 1784, 1785, 1786, 1787, 1789, 1790, 1791, 1792, 1794, 1796, 1797, 1798, 1799, 1800, 1802, 1803, 1806, 1807, 1808, 1809, 181, 1810, 1811, 1813, 1819, 1820, 1825, 1826, 1827, 1830, 1831, 1832, 1835, 1837, 1838, 1840, 1841, 1842, 1843, 1844, 1845, 1846, 1847, 1848, 1849, 1850, 1851, 1852, 1853, 1854, 1855, 1856, 1857, 1858, 1859, 1860, 1861, 1862, 1863, 1864, 1866, 1867, 1868, 1869, 1870, 1872, 1873, 1874, 1875, 1876, 1877, 1878, 1879, 1880, 1881, 1882, 1883, 1884, 1885, 1886, 1887, 1898, 1899, 190, 1900, 1901, 1902, 1903, 1904, 1905, 1906, 1907, 1908, 1909, 1910, 1911, 1912, 1913, 1914, 1915, 1916, 1917, 1918, 1919, 1920, 1921, 1922, 1923, 1924, 1925, 1926, 1927, 1928, 1929, 1930, 1931, 1932, 1933, 1934, 1935, 1936, 1937, 1938, 1939, 1940, 1941, 1942, 1943, 1944, 1946, 1947, 1948, 1949, 195, 1950, 1951, 1952, 1953, 1954, 1955, 1956, 1957, 1958, 1959, 196, 1960, 1961, 1962, 1963, 1964, 1965, 1967, 197, 1977, 1978, 198, 1980, 1981, 1982, 1983, 1984, 1985, 1986, 1987, 1988, 199, 1993, 1994, 1995, 1996, 1997, 1998, 1999, 2, 20, 2000, 2001, 2002, 2003, 2004, 2005, 2006, 2007, 2010, 2011, 2012, 2013, 2014, 2015, 2016, 2017, 2018, 2022, 2023, 2024, 2026, 2027, 2028, 2029, 2030, 2031, 2032, 2033, 2034, 2035, 2036, 2037, 2038, 2039, 2040, 2041, 2042, 2043, 2044, 2045, 2046, 2047, 2048, 2049, 2050, 2051, 2052, 2053, 2054, 2055, 2056, 2057, 2058, 2059, 2060, 2061, 2062, 2063, 2064, 2065, 2066, 2067, 2068, 2069, 2070, 2071, 2072, 2073, 2074, 2075, 2076, 2077, 2078, 2080, 2081, 2082, 2083, 2084, 2085, 2086, 2087, 2088, 2089, 2091, 2092, 2093, 2094, 2095, 2096, 2097, 2098, 2099, 2100, 2101, 2102, 2103, 2104, 2105, 2106, 2107, 2115, 2119, 2120, 2121, 2124, 2125, 2126, 2130, 2136, 2137, 2138, 2139, 2150, 216, 217, 218, 2183, 2184, 2186, 2188, 2189, 219, 2190, 2191, 2192, 2193, 2194, 2195, 2197, 2198, 22, 2209, 2210, 2211, 2213, 2217, 2219, 2220, 2221, 2222, 2223, 2224, 2225, 2226, 2227, 2228, 2229, 223, 2230, 2231, 2232, 2233, 2234, 2237, 2238, 2239, 224, 2240, 2248, 2250, 2253, 2254, 2255, 2256, 2257, 2258, 2259, 2261, 2264, 2265, 2266, 2267, 2269, 227, 2273, 2274, 2275, 2276, 2277, 2278, 2279, 228, 2282, 2283, 2284, 2285, 2286, 2287, 2288, 2289, 229, 2290, 2291, 2292, 2293, 2294, 2295, 2296, 2297, 2298, 2299, 23, 230, 2300, 2301, 2302, 2303, 2304, 2305, 2306, 2307, 2308, 2309, 2310, 2311, 2312, 2313, 2314, 2316, 2317, 2318, 2319, 2320, 2321, 2322, 2323, 2324, 2326, 2327, 2328, 2329, 2330, 2331, 2332, 2333, 2334, 2335, 2336, 2337, 2338, 2339, 2340, 2341, 2342, 2343, 2344, 2345, 2346, 2347, 2348, 2349, 2350, 2351, 2352, 2353, 2354, 2355, 2356, 2357, 2358, 2359, 236, 2360, 2362, 2363, 2364, 2365, 2366, 2367, 2368, 2369, 237, 2370, 2371, 2372, 2373, 2374, 2375, 2376, 2378, 2379, 238, 2380, 2381, 2382, 2383, 2385, 2386, 2387, 2388, 2389, 2392, 2393, 2395, 2397, 2398, 2399, 2400, 2402, 2404, 2405, 2406, 241, 2414, 2415, 2416, 2417, 2418, 2419, 242, 2420, 2421, 2422, 2423, 2425, 2426, 2427, 2428, 2429, 243, 2430, 2431, 2432, 2433, 2434, 2435, 2436, 2437, 2438, 2439, 244, 2440, 2441, 2442, 2443, 2444, 2445, 2446, 2447, 2448, 2449, 245, 2450, 2451, 2453, 2455, 246, 2460, 2461, 2464, 2465, 2466, 2467, 2468, 2469, 247, 2470, 2471, 2472, 2475, 2476, 2477, 2478, 2479, 248, 2480, 2481, 2482, 2483, 2487, 2488, 249, 2492, 2494, 2495, 250, 2501, 2502, 2503, 2505, 251, 2510, 2511, 2514, 2515, 2528, 2529, 253, 2540, 2541, 2552, 2554, 2555, 2556, 2557, 2558, 2559, 2560, 2561, 2562, 2563, 2564, 2567, 2568, 2569, 2570, 2571, 258, 2580, 2581, 259, 261, 2611, 2613, 262, 2620, 2622, 2623, 2624, 2625, 2626, 263, 2631, 2632, 2633, 2634, 264, 2640, 2641, 2642, 2643, 2644, 2648, 265, 2652, 2653, 2654, 2657, 2658, 2659, 266, 2660, 2664, 2665, 2666, 2667, 2668, 2669, 267, 2670, 2671, 2672, 2678, 2679, 268, 2687, 2689, 269, 2692, 2693, 270, 271, 272, 273, 274, 276, 277, 278, 279, 280, 281, 282, 283, 284, 285, 286, 295, 296, 297, 298, 299, 3, 300, 301, 304, 307, 308, 309, 310, 312, 315, 316, 317, 318, 319, 322, 333, 335, 337, 338, 339, 34, 340, 341, 343, 344, 345, 346, 347, 348, 349, 35, 350, 351, 352, 353, 354, 355, 357, 358, 359, 369, 370, 371, 372, 375, 376, 380, 381, 382, 383, 384, 385, 386, 387, 388, 390, 394, 427, 428, 429, 430, 431, 432, 433, 434, 435, 436, 437, 438, 439, 440, 441, 442, 443, 444, 445, 446, 447, 448, 449, 450, 47, 471, 472, 475, 476, 477, 478, 479, 480, 483, 484, 485, 486, 487, 488, 490, 491, 492, 493, 494, 495, 496, 497, 498, 499, 500, 501, 502, 503, 504, 505, 506, 507, 508, 509, 510, 511, 513, 514, 516, 518, 523, 530, 532, 533, 534, 545, 546, 547, 550, 551, 552, 553, 554, 555, 556, 557, 558, 559, 560, 562, 568, 571, 580, 581, 582, 583, 584, 585, 586, 587, 588, 589, 590, 596, 597, 598, 599, 600, 601, 602, 603, 605, 615, 616, 627, 628, 629, 630, 631, 632, 633, 634, 635, 636, 637, 638, 639, 640, 641, 642, 643, 644, 645, 646, 647, 654, 69, 693, 696, 700, 701, 702, 703, 704, 705, 706, 711, 712, 713, 714, 715, 716, 717, 718, 719, 72, 725, 728, 729, 731, 732, 733, 734, 735, 736, 738, 739, 740, 741, 742, 743, 744, 749, 750, 752, 771, 776, 777, 782, 787, 791, 793, 794, 795, 796, 799, 80, 800, 802, 803, 809, 812, 813, 814, 815, 816, 818, 819, 820, 822, 827, 83, 830, 832, 833, 834, 838, 839, 841, 842, 843, 844, 845, 846, 847, 848, 849, 850, 851, 852, 854, 855, 857, 858, 859, 862, 863, 864, 865, 866, 867, 868, 869, 870, 873, 874, 875, 876, 877, 878, 879, 880, 888, 889, 890, 891, 895, 896, 897, 898, 900, 901, 902, 905, 906, 907, 908, 909, 910, 912, 913, 914, 924, 931, 933, 934, 935, 936, 937, 938, 939, 940, 941, 942, 943, 944, 945, 949, 952, 953, 954, 955, 956, 957, 958, 959, 962, 963, 964, 965, 966, 967, 968, 969, 97, 971, 972, 973, 974, 975, 976, 977, 98, 980, 981, 984, 985, 986, 987, 988, 989, 990, 991, 992, 993, 994, 995, 996, 997, 998, 999]
